# 
# Wavefront OBJ file
# Created with Kaydara FBX
# 
g Node_00_00
v 0.000000 0.000000 -1.500000
v 1.500000 0.000000 0.000000
v 0.000000 1.000000 0.000000
v 0.500000 0.000000 0.000000
v 0.000000 0.500000 0.000000
v 0.500000 0.000000 1.500000
v 0.000000 0.500000 1.500000
v 0.000000 0.000000 1.500000
vn 0.000000 -1.000000 0.000000
vn 0.000000 0.000000 1.000000
vn -1.000000 0.000000 0.000000
vn 0.707107 0.707107 0.000000
vn 0.000000 0.000000 0.000000
vn -1.#QNAN0 -1.#QNAN0 -1.#QNAN0
vn 0.000000 0.000000 0.000000
vn 0.000000 0.000000 0.000000
f 8//8 1//1 2//2 4//4 6//6
f 8//8 7//7 5//5 3//3 1//1
f 1//1 3//3 2//2
f 2//2 3//3 5//5 4//4
f 4//4 5//5 7//7 6//6
f 8//8 6//6 7//7
g Node_00_01
v 4.000000 1.060660 -1.060660
v 5.500000 0.000000 0.000000
v 4.000000 0.707107 0.707107
v 4.500000 0.000000 0.000000
v 4.000000 0.353553 0.353553
v 4.500000 -1.060660 1.060660
v 4.000000 -0.707107 1.414214
v 4.000000 -1.060660 1.060660
vn 0.000000 -0.707107 -0.707107
vn 0.000000 -0.707107 0.707107
vn -1.000000 0.000000 0.000000
vn 0.707107 0.500000 0.500000
vn 0.000000 0.000000 0.000000
vn -1.#QNAN0 -1.#QNAN0 -1.#QNAN0
vn 0.000000 0.000000 0.000000
vn 0.000000 0.000000 0.000000
f 16//16 9//9 10//10 12//12 14//14
f 16//16 15//15 13//13 11//11 9//9
f 9//9 11//11 10//10
f 10//10 11//11 13//13 12//12
f 12//12 13//13 15//15 14//14
f 16//16 14//14 15//15
g Node_00_02
v 6.939340 0.000000 -1.060660
v 9.060660 0.000000 -1.060660
v 8.000000 1.000000 0.000000
v 8.353553 0.000000 -0.353553
v 8.000000 0.500000 0.000000
v 9.414214 0.000000 0.707107
v 9.060660 0.500000 1.060660
v 9.060660 0.000000 1.060660
vn 0.000000 -1.000000 0.000000
vn 0.707107 0.000000 0.707107
vn -0.707107 0.000000 0.707107
vn 0.500000 0.707107 -0.500000
vn 0.000000 0.000000 0.000000
vn -1.#QNAN0 -1.#QNAN0 -1.#QNAN0
vn 0.000000 0.000000 0.000000
vn 0.000000 0.000000 0.000000
f 24//24 17//17 18//18 20//20 22//22
f 24//24 23//23 21//21 19//19 17//17
f 17//17 19//19 18//18
f 18//18 19//19 21//21 20//20
f 20//20 21//21 23//23 22//22
f 24//24 22//22 23//23
g Node_00_03
v 12.000000 0.000000 -1.500000
v 13.060660 1.060660 0.000000
v 11.292893 0.707107 0.000000
v 12.353553 0.353553 0.000000
v 11.646447 0.353553 0.000000
v 12.353553 0.353553 1.500000
v 11.646447 0.353553 1.500000
v 12.000000 0.000000 1.500000
vn 0.707107 -0.707107 0.000000
vn 0.000000 0.000000 1.000000
vn -0.707107 -0.707107 0.000000
vn 0.000000 1.000000 0.000000
vn 0.000000 0.000000 0.000000
vn -1.#QNAN0 -1.#QNAN0 -1.#QNAN0
vn 0.000000 0.000000 0.000000
vn 0.000000 0.000000 0.000000
f 32//32 25//25 26//26 28//28 30//30
f 32//32 31//31 29//29 27//27 25//25
f 25//25 27//27 26//26
f 26//26 27//27 29//29 28//28
f 28//28 29//29 31//31 30//30
f 32//32 30//30 31//31
g Node_00_04
v 16.000000 1.500000 -0.000000
v 17.060660 0.000000 -1.060660
v 16.707107 0.000000 0.707107
v 16.353553 0.000000 -0.353553
v 16.353553 0.000000 0.353553
v 16.353553 -1.500000 -0.353553
v 16.353553 -1.500000 0.353553
v 16.000000 -1.500000 0.000000
vn -0.707107 -0.000000 -0.707107
vn 0.000000 -1.000000 0.000000
vn -0.707107 0.000000 0.707107
vn 1.000000 0.000000 0.000000
vn 0.000000 0.000000 0.000000
vn -1.#QNAN0 -1.#QNAN0 -1.#QNAN0
vn 0.000000 0.000000 0.000000
vn 0.000000 0.000000 0.000000
f 40//40 33//33 34//34 36//36 38//38
f 40//40 39//39 37//37 35//35 33//33
f 33//33 35//35 34//34
f 34//34 35//35 37//37 36//36
f 36//36 37//37 39//39 38//38
f 40//40 38//38 39//39
g Node_00_05
v 18.939340 1.060660 -0.000000
v 21.060660 1.060660 0.000000
v 20.000000 0.000000 1.000000
v 20.353553 0.353553 0.000000
v 20.000000 0.000000 0.500000
v 21.414214 -0.707107 0.000000
v 21.060660 -1.060660 0.500000
v 21.060660 -1.060660 0.000000
vn 0.000000 -0.000000 -1.000000
vn 0.707107 -0.707107 0.000000
vn -0.707107 -0.707107 0.000000
vn 0.500000 0.500000 0.707107
vn 0.000000 0.000000 0.000000
vn -1.#QNAN0 -1.#QNAN0 -1.#QNAN0
vn 0.000000 0.000000 0.000000
vn 0.000000 0.000000 0.000000
f 48//48 41//41 42//42 44//44 46//46
f 48//48 47//47 45//45 43//43 41//41
f 41//41 43//43 42//42
f 42//42 43//43 45//45 44//44
f 44//44 45//45 47//47 46//46
f 48//48 46//46 47//47
g Node_00_06
v 22.939340 1.060660 -0.000000
v 24.000000 0.000000 -1.500000
v 24.707107 0.707107 0.000000
v 24.000000 0.000000 -0.500000
v 24.353553 0.353553 0.000000
v 25.060660 -1.060660 -0.500000
v 25.414214 -0.707107 0.000000
v 25.060660 -1.060660 0.000000
vn -0.707107 -0.707107 -0.000000
vn 0.707107 -0.707107 0.000000
vn -0.000000 0.000000 1.000000
vn 0.500000 0.500000 -0.707107
vn 0.000000 0.000000 0.000000
vn -1.#QNAN0 -1.#QNAN0 -1.#QNAN0
vn 0.000000 0.000000 0.000000
vn 0.000000 0.000000 0.000000
f 56//56 49//49 50//50 52//52 54//54
f 56//56 55//55 53//53 51//51 49//49
f 49//49 51//51 50//50
f 50//50 51//51 53//53 52//52
f 52//52 53//53 55//55 54//54
f 56//56 54//54 55//55
g Node_00_07
v 26.939340 -1.060660 -0.000000
v 28.000000 0.000000 -1.500000
v 27.292893 0.707107 0.000000
v 28.000000 0.000000 -0.500000
v 27.646447 0.353553 0.000000
v 29.060660 1.060660 -0.500000
v 28.707107 1.414214 0.000000
v 29.060660 1.060660 0.000000
vn 0.707107 -0.707107 0.000000
vn 0.707107 0.707107 0.000000
vn -0.000000 -0.000000 1.000000
vn -0.500000 0.500000 -0.707107
vn 0.000000 0.000000 0.000000
vn -1.#QNAN0 -1.#QNAN0 -1.#QNAN0
vn 0.000000 0.000000 0.000000
vn 0.000000 0.000000 0.000000
f 64//64 57//57 58//58 60//60 62//62
f 64//64 63//63 61//61 59//59 57//57
f 57//57 59//59 58//58
f 58//58 59//59 61//61 60//60
f 60//60 61//61 63//63 62//62
f 64//64 62//62 63//63
g Node_00_08
v 30.939340 0.000000 -1.060660
v 32.000000 1.500000 0.000000
v 31.292893 0.000000 0.707107
v 32.000000 0.500000 0.000000
v 31.646447 0.000000 0.353553
v 33.060660 0.500000 1.060660
v 32.707107 -0.000000 1.414214
v 33.060660 -0.000000 1.060660
vn 0.707107 -0.000000 -0.707107
vn 0.707107 -0.000000 0.707107
vn -0.000000 -1.000000 0.000000
vn -0.500000 0.707107 0.500000
vn 0.000000 0.000000 0.000000
vn -1.#QNAN0 -1.#QNAN0 -1.#QNAN0
vn 0.000000 0.000000 0.000000
vn 0.000000 0.000000 0.000000
f 72//72 65//65 66//66 68//68 70//70
f 72//72 71//71 69//69 67//67 65//65
f 65//65 67//67 66//66
f 66//66 67//67 69//69 68//68
f 68//68 69//69 71//71 70//70
f 72//72 70//70 71//71
g Node_00_09
v 36.000000 -1.060660 -1.060660
v 36.000000 1.060660 -1.060660
v 35.000000 0.000000 0.000000
v 36.000000 0.353553 -0.353553
v 35.500000 0.000000 0.000000
v 36.000000 1.414214 0.707107
v 35.500000 1.060660 1.060660
v 36.000000 1.060660 1.060660
vn 1.000000 -0.000000 0.000000
vn 0.000000 0.707107 0.707107
vn -0.000000 -0.707107 0.707107
vn -0.707107 0.500000 -0.500000
vn 0.000000 0.000000 0.000000
vn -1.#QNAN0 -1.#QNAN0 -1.#QNAN0
vn 0.000000 0.000000 0.000000
vn 0.000000 0.000000 0.000000
f 80//80 73//73 74//74 76//76 78//78
f 80//80 79//79 77//77 75//75 73//73
f 73//73 75//75 74//74
f 74//74 75//75 77//77 76//76
f 76//76 77//77 79//79 78//78
f 80//80 78//78 79//79
g Node_00_10
v 39.250000 -1.125000 -0.649519
v 40.000000 0.750000 -1.299038
v 39.133975 0.433013 0.250000
v 40.000000 0.250000 -0.433013
v 39.566987 0.216506 0.125000
v 40.750000 1.375000 0.216506
v 40.316987 1.341506 0.774519
v 40.750000 1.125000 0.649519
vn 0.866025 -0.433013 -0.250000
vn 0.500000 0.750000 0.433013
vn -0.000000 -0.500000 0.866025
vn -0.612372 0.659740 -0.435596
vn 0.000000 0.000000 0.000000
vn -1.#QNAN0 -1.#QNAN0 -1.#QNAN0
vn 0.000000 0.000000 0.000000
vn 0.000000 0.000000 0.000000
f 88//88 81//81 82//82 84//84 86//86
f 88//88 87//87 85//85 83//83 81//81
f 81//81 83//83 82//82
f 82//82 83//83 85//85 84//84
f 84//84 85//85 87//87 86//86
f 88//88 86//86 87//87
g Node_00_11
v 42.939340 0.750000 -0.750000
v 44.000000 1.060660 1.060660
v 43.292893 -0.500000 0.500000
v 44.000000 0.353553 0.353553
v 43.646447 -0.250000 0.250000
v 45.060660 -0.396447 1.103553
v 44.707107 -1.000000 1.000000
v 45.060660 -0.750000 0.750000
vn 0.707107 0.500000 -0.500000
vn 0.707107 -0.500000 0.500000
vn -0.000000 -0.707107 -0.707107
vn -0.500000 0.146447 0.853553
vn 0.000000 0.000000 0.000000
vn -1.#QNAN0 -1.#QNAN0 -1.#QNAN0
vn 0.000000 0.000000 0.000000
vn 0.000000 0.000000 0.000000
f 96//96 89//89 90//90 92//92 94//94
f 96//96 95//95 93//93 91//91 89//89
f 89//89 91//91 90//90
f 90//90 91//91 93//93 92//92
f 92//92 93//93 95//95 94//94
f 96//96 94//94 95//95
g Node_00_12
v 46.500000 0.000000 -0.000000
v 48.000000 0.000000 -1.500000
v 48.000000 1.000000 0.000000
v 48.000000 0.000000 -0.500000
v 48.000000 0.500000 0.000000
v 49.500000 0.000000 -0.500000
v 49.500000 0.500000 0.000000
v 49.500000 0.000000 0.000000
vn 0.000000 -1.000000 -0.000000
vn 1.000000 -0.000000 0.000000
vn -0.000000 -0.000000 1.000000
vn 0.000000 0.707107 -0.707107
vn 0.000000 0.000000 0.000000
vn -1.#QNAN0 -1.#QNAN0 -1.#QNAN0
vn 0.000000 0.000000 0.000000
vn 0.000000 0.000000 0.000000
f 104//104 97//97 98//98 100//100 102//102
f 104//104 103//103 101//101 99//99 97//97
f 97//97 99//99 98//98
f 98//98 99//99 101//101 100//100
f 100//100 101//101 103//103 102//102
f 104//104 102//102 103//103
g Node_01_00
v 0.000000 0.000000 2.500000
v 1.500000 0.000000 4.000000
v 0.000000 1.000000 4.000000
v 0.500000 0.000000 4.000000
v 0.000000 0.500000 4.000000
v 0.500000 0.000000 5.500000
v 0.000000 0.500000 5.500000
v 0.000000 0.000000 5.500000
vn 0.000000 -1.000000 0.000000
vn 0.000000 0.000000 1.000000
vn -1.000000 0.000000 0.000000
vn 0.707107 0.707107 0.000000
vn 0.000000 0.000000 0.000000
vn -1.#QNAN0 -1.#QNAN0 -1.#QNAN0
vn 0.000000 0.000000 0.000000
vn 0.000000 0.000000 0.000000
f 112//112 105//105 106//106 108//108 110//110
f 112//112 111//111 109//109 107//107 105//105
f 105//105 107//107 106//106
f 106//106 107//107 109//109 108//108
f 108//108 109//109 111//111 110//110
f 112//112 110//110 111//111
g Node_01_01
v 4.000000 1.060660 2.939340
v 5.500000 0.000000 4.000000
v 4.000000 0.707107 4.707107
v 4.500000 0.000000 4.000000
v 4.000000 0.353553 4.353553
v 4.500000 -1.060660 5.060660
v 4.000000 -0.707107 5.414214
v 4.000000 -1.060660 5.060660
vn 0.000000 -0.707107 -0.707107
vn 0.000000 -0.707107 0.707107
vn -1.000000 0.000000 0.000000
vn 0.707107 0.500000 0.500000
vn 0.000000 0.000000 0.000000
vn -1.#QNAN0 -1.#QNAN0 -1.#QNAN0
vn 0.000000 0.000000 0.000000
vn 0.000000 0.000000 0.000000
f 120//120 113//113 114//114 116//116 118//118
f 120//120 119//119 117//117 115//115 113//113
f 113//113 115//115 114//114
f 114//114 115//115 117//117 116//116
f 116//116 117//117 119//119 118//118
f 120//120 118//118 119//119
g Node_01_02
v 6.939340 0.000000 2.939340
v 9.060660 0.000000 2.939340
v 8.000000 1.000000 4.000000
v 8.353553 0.000000 3.646447
v 8.000000 0.500000 4.000000
v 9.414214 0.000000 4.707107
v 9.060660 0.500000 5.060660
v 9.060660 0.000000 5.060660
vn 0.000000 -1.000000 0.000000
vn 0.707107 0.000000 0.707107
vn -0.707107 0.000000 0.707107
vn 0.500000 0.707107 -0.500000
vn 0.000000 0.000000 0.000000
vn -1.#QNAN0 -1.#QNAN0 -1.#QNAN0
vn 0.000000 0.000000 0.000000
vn 0.000000 0.000000 0.000000
f 128//128 121//121 122//122 124//124 126//126
f 128//128 127//127 125//125 123//123 121//121
f 121//121 123//123 122//122
f 122//122 123//123 125//125 124//124
f 124//124 125//125 127//127 126//126
f 128//128 126//126 127//127
g Node_01_03
v 12.000000 0.000000 2.500000
v 13.060660 1.060660 4.000000
v 11.292893 0.707107 4.000000
v 12.353553 0.353553 4.000000
v 11.646447 0.353553 4.000000
v 12.353553 0.353553 5.500000
v 11.646447 0.353553 5.500000
v 12.000000 0.000000 5.500000
vn 0.707107 -0.707107 0.000000
vn 0.000000 0.000000 1.000000
vn -0.707107 -0.707107 0.000000
vn 0.000000 1.000000 0.000000
vn 0.000000 0.000000 0.000000
vn -1.#QNAN0 -1.#QNAN0 -1.#QNAN0
vn 0.000000 0.000000 0.000000
vn 0.000000 0.000000 0.000000
f 136//136 129//129 130//130 132//132 134//134
f 136//136 135//135 133//133 131//131 129//129
f 129//129 131//131 130//130
f 130//130 131//131 133//133 132//132
f 132//132 133//133 135//135 134//134
f 136//136 134//134 135//135
g Node_01_04
v 16.000000 1.500000 4.000000
v 17.060660 0.000000 2.939340
v 16.707107 0.000000 4.707107
v 16.353553 0.000000 3.646447
v 16.353553 0.000000 4.353553
v 16.353553 -1.500000 3.646447
v 16.353553 -1.500000 4.353553
v 16.000000 -1.500000 4.000000
vn -0.707107 -0.000000 -0.707107
vn 0.000000 -1.000000 0.000000
vn -0.707107 0.000000 0.707107
vn 1.000000 0.000000 0.000000
vn 0.000000 0.000000 0.000000
vn -1.#QNAN0 -1.#QNAN0 -1.#QNAN0
vn 0.000000 0.000000 0.000000
vn 0.000000 0.000000 0.000000
f 144//144 137//137 138//138 140//140 142//142
f 144//144 143//143 141//141 139//139 137//137
f 137//137 139//139 138//138
f 138//138 139//139 141//141 140//140
f 140//140 141//141 143//143 142//142
f 144//144 142//142 143//143
g Node_01_05
v 18.939340 1.060660 4.000000
v 21.060660 1.060660 4.000000
v 20.000000 0.000000 5.000000
v 20.353553 0.353553 4.000000
v 20.000000 0.000000 4.500000
v 21.414214 -0.707107 4.000000
v 21.060660 -1.060660 4.500000
v 21.060660 -1.060660 4.000000
vn 0.000000 -0.000000 -1.000000
vn 0.707107 -0.707107 0.000000
vn -0.707107 -0.707107 0.000000
vn 0.500000 0.500000 0.707107
vn 0.000000 0.000000 0.000000
vn -1.#QNAN0 -1.#QNAN0 -1.#QNAN0
vn 0.000000 0.000000 0.000000
vn 0.000000 0.000000 0.000000
f 152//152 145//145 146//146 148//148 150//150
f 152//152 151//151 149//149 147//147 145//145
f 145//145 147//147 146//146
f 146//146 147//147 149//149 148//148
f 148//148 149//149 151//151 150//150
f 152//152 150//150 151//151
g Node_01_06
v 22.939340 1.060660 4.000000
v 24.000000 0.000000 2.500000
v 24.707107 0.707107 4.000000
v 24.000000 0.000000 3.500000
v 24.353553 0.353553 4.000000
v 25.060660 -1.060660 3.500000
v 25.414214 -0.707107 4.000000
v 25.060660 -1.060660 4.000000
vn -0.707107 -0.707107 -0.000000
vn 0.707107 -0.707107 0.000000
vn -0.000000 0.000000 1.000000
vn 0.500000 0.500000 -0.707107
vn 0.000000 0.000000 0.000000
vn -1.#QNAN0 -1.#QNAN0 -1.#QNAN0
vn 0.000000 0.000000 0.000000
vn 0.000000 0.000000 0.000000
f 160//160 153//153 154//154 156//156 158//158
f 160//160 159//159 157//157 155//155 153//153
f 153//153 155//155 154//154
f 154//154 155//155 157//157 156//156
f 156//156 157//157 159//159 158//158
f 160//160 158//158 159//159
g Node_01_07
v 26.500000 0.000000 4.000000
v 28.000000 1.060660 2.939340
v 28.000000 0.707107 4.707107
v 28.000000 0.353553 3.646447
v 28.000000 0.353553 4.353553
v 29.500000 0.353553 3.646447
v 29.500000 0.353553 4.353553
v 29.500000 0.000000 4.000000
vn 0.000000 -0.707107 -0.707107
vn 1.000000 0.000000 0.000000
vn -0.000000 -0.707107 0.707107
vn 0.000000 1.000000 0.000000
vn 0.000000 0.000000 0.000000
vn -1.#QNAN0 -1.#QNAN0 -1.#QNAN0
vn 0.000000 0.000000 0.000000
vn 0.000000 0.000000 0.000000
f 168//168 161//161 162//162 164//164 166//166
f 168//168 167//167 165//165 163//163 161//161
f 161//161 163//163 162//162
f 162//162 163//163 165//165 164//164
f 164//164 165//165 167//167 166//166
f 168//168 166//166 167//167
g Node_01_08
v 30.939340 0.000000 2.939340
v 32.000000 1.500000 4.000000
v 31.292893 0.000000 4.707107
v 32.000000 0.500000 4.000000
v 31.646447 0.000000 4.353553
v 33.060660 0.500000 5.060660
v 32.707107 -0.000000 5.414214
v 33.060660 -0.000000 5.060660
vn 0.707107 -0.000000 -0.707107
vn 0.707107 -0.000000 0.707107
vn -0.000000 -1.000000 0.000000
vn -0.500000 0.707107 0.500000
vn 0.000000 0.000000 0.000000
vn -1.#QNAN0 -1.#QNAN0 -1.#QNAN0
vn 0.000000 0.000000 0.000000
vn 0.000000 0.000000 0.000000
f 176//176 169//169 170//170 172//172 174//174
f 176//176 175//175 173//173 171//171 169//169
f 169//169 171//171 170//170
f 170//170 171//171 173//173 172//172
f 172//172 173//173 175//175 174//174
f 176//176 174//174 175//175
g Node_01_09
v 34.939340 0.000000 2.939340
v 36.000000 1.500000 4.000000
v 35.292893 0.000000 4.707107
v 36.000000 0.500000 4.000000
v 35.646447 0.000000 4.353553
v 37.060660 0.500000 5.060660
v 36.707107 0.000000 5.414214
v 37.060660 0.000000 5.060660
vn 0.707107 -0.000000 -0.707107
vn 0.707107 0.000000 0.707107
vn -0.000000 -1.000000 0.000000
vn -0.500000 0.707107 0.500000
vn 0.000000 0.000000 0.000000
vn -1.#QNAN0 -1.#QNAN0 -1.#QNAN0
vn 0.000000 0.000000 0.000000
vn 0.000000 0.000000 0.000000
f 184//184 177//177 178//178 180//180 182//182
f 184//184 183//183 181//181 179//179 177//177
f 177//177 179//179 178//178
f 178//178 179//179 181//181 180//180
f 180//180 181//181 183//183 182//182
f 184//184 182//182 183//183
g Node_01_10
v 38.500000 0.000000 4.000000
v 40.000000 1.500000 4.000000
v 40.000000 0.000000 5.000000
v 40.000000 0.500000 4.000000
v 40.000000 0.000000 4.500000
v 41.500000 0.500000 4.000000
v 41.500000 -0.000000 4.500000
v 41.500000 -0.000000 4.000000
vn 0.000000 -0.000000 -1.000000
vn 1.000000 -0.000000 0.000000
vn -0.000000 -1.000000 0.000000
vn -0.000000 0.707107 0.707107
vn 0.000000 0.000000 0.000000
vn -1.#QNAN0 -1.#QNAN0 -1.#QNAN0
vn 0.000000 0.000000 0.000000
vn 0.000000 0.000000 0.000000
f 192//192 185//185 186//186 188//188 190//190
f 192//192 191//191 189//189 187//187 185//185
f 185//185 187//187 186//186
f 186//186 187//187 189//189 188//188
f 188//188 189//189 191//191 190//190
f 192//192 190//190 191//191
g Node_01_11
v 44.000000 0.000000 2.500000
v 44.000000 1.500000 4.000000
v 43.000000 0.000000 4.000000
v 44.000000 0.500000 4.000000
v 43.500000 0.000000 4.000000
v 44.000000 0.500000 5.500000
v 43.500000 -0.000000 5.500000
v 44.000000 -0.000000 5.500000
vn 1.000000 -0.000000 -0.000000
vn -0.000000 -0.000000 1.000000
vn -0.000000 -1.000000 -0.000000
vn -0.707107 0.707107 0.000000
vn 0.000000 0.000000 0.000000
vn -1.#QNAN0 -1.#QNAN0 -1.#QNAN0
vn 0.000000 0.000000 0.000000
vn 0.000000 0.000000 0.000000
f 200//200 193//193 194//194 196//196 198//198
f 200//200 199//199 197//197 195//195 193//193
f 193//193 195//195 194//194
f 194//194 195//195 197//197 196//196
f 196//196 197//197 199//199 198//198
f 200//200 198//198 199//199
g Node_01_12
v 48.000000 0.000000 5.500000
v 48.000000 1.500000 4.000000
v 49.000000 0.000000 4.000000
v 48.000000 0.500000 4.000000
v 48.500000 0.000000 4.000000
v 48.000000 0.500000 2.500000
v 48.500000 -0.000000 2.500000
v 48.000000 -0.000000 2.500000
vn -1.000000 -0.000000 -0.000000
vn 0.000000 -0.000000 -1.000000
vn -0.000000 -1.000000 0.000000
vn 0.707107 0.707107 0.000000
vn 0.000000 0.000000 0.000000
vn -1.#QNAN0 -1.#QNAN0 -1.#QNAN0
vn 0.000000 0.000000 0.000000
vn 0.000000 0.000000 0.000000
f 208//208 201//201 202//202 204//204 206//206
f 208//208 207//207 205//205 203//203 201//201
f 201//201 203//203 202//202
f 202//202 203//203 205//205 204//204
f 204//204 205//205 207//207 206//206
f 208//208 206//206 207//207
g Node_02_00
v 0.000000 0.000000 6.500000
v 1.500000 0.000000 8.000000
v 0.000000 1.000000 8.000000
v 0.500000 0.000000 8.000000
v 0.000000 0.500000 8.000000
v 0.500000 0.000000 9.500000
v 0.000000 0.500000 9.500000
v 0.000000 0.000000 9.500000
vn 0.000000 -1.000000 0.000000
vn 0.000000 0.000000 1.000000
vn -1.000000 0.000000 0.000000
vn 0.707107 0.707107 0.000000
vn 0.000000 0.000000 0.000000
vn -1.#QNAN0 -1.#QNAN0 -1.#QNAN0
vn 0.000000 0.000000 0.000000
vn 0.000000 0.000000 0.000000
f 216//216 209//209 210//210 212//212 214//214
f 216//216 215//215 213//213 211//211 209//209
f 209//209 211//211 210//210
f 210//210 211//211 213//213 212//212
f 212//212 213//213 215//215 214//214
f 216//216 214//214 215//215
g Node_02_01
v 4.000000 1.060660 6.939340
v 5.500000 0.000000 8.000000
v 4.000000 0.707107 8.707107
v 4.500000 0.000000 8.000000
v 4.000000 0.353553 8.353553
v 4.500000 -1.060660 9.060660
v 4.000000 -0.707107 9.414214
v 4.000000 -1.060660 9.060660
vn 0.000000 -0.707107 -0.707107
vn 0.000000 -0.707107 0.707107
vn -1.000000 0.000000 0.000000
vn 0.707107 0.500000 0.500000
vn 0.000000 0.000000 0.000000
vn -1.#QNAN0 -1.#QNAN0 -1.#QNAN0
vn 0.000000 0.000000 0.000000
vn 0.000000 0.000000 0.000000
f 224//224 217//217 218//218 220//220 222//222
f 224//224 223//223 221//221 219//219 217//217
f 217//217 219//219 218//218
f 218//218 219//219 221//221 220//220
f 220//220 221//221 223//223 222//222
f 224//224 222//222 223//223
g Node_02_02
v 6.939340 0.000000 6.939340
v 9.060660 0.000000 6.939340
v 8.000000 1.000000 8.000000
v 8.353553 0.000000 7.646447
v 8.000000 0.500000 8.000000
v 9.414214 0.000000 8.707107
v 9.060660 0.500000 9.060660
v 9.060660 0.000000 9.060660
vn 0.000000 -1.000000 0.000000
vn 0.707107 0.000000 0.707107
vn -0.707107 0.000000 0.707107
vn 0.500000 0.707107 -0.500000
vn 0.000000 0.000000 0.000000
vn -1.#QNAN0 -1.#QNAN0 -1.#QNAN0
vn 0.000000 0.000000 0.000000
vn 0.000000 0.000000 0.000000
f 232//232 225//225 226//226 228//228 230//230
f 232//232 231//231 229//229 227//227 225//225
f 225//225 227//227 226//226
f 226//226 227//227 229//229 228//228
f 228//228 229//229 231//231 230//230
f 232//232 230//230 231//231
g Node_02_03
v 12.000000 0.000000 6.500000
v 13.060660 1.060660 8.000000
v 11.292893 0.707107 8.000000
v 12.353553 0.353553 8.000000
v 11.646447 0.353553 8.000000
v 12.353553 0.353553 9.500000
v 11.646447 0.353553 9.500000
v 12.000000 0.000000 9.500000
vn 0.707107 -0.707107 0.000000
vn 0.000000 0.000000 1.000000
vn -0.707107 -0.707107 0.000000
vn 0.000000 1.000000 0.000000
vn 0.000000 0.000000 0.000000
vn -1.#QNAN0 -1.#QNAN0 -1.#QNAN0
vn 0.000000 0.000000 0.000000
vn 0.000000 0.000000 0.000000
f 240//240 233//233 234//234 236//236 238//238
f 240//240 239//239 237//237 235//235 233//233
f 233//233 235//235 234//234
f 234//234 235//235 237//237 236//236
f 236//236 237//237 239//239 238//238
f 240//240 238//238 239//239
g Node_02_04
v 14.939340 1.060660 8.000000
v 17.060660 1.060660 8.000000
v 16.000000 0.000000 9.000000
v 16.353553 0.353553 8.000000
v 16.000000 0.000000 8.500000
v 17.414214 -0.707107 8.000000
v 17.060660 -1.060660 8.500000
v 17.060660 -1.060660 8.000000
vn 0.000000 -0.000000 -1.000000
vn 0.707107 -0.707107 0.000000
vn -0.707107 -0.707107 0.000000
vn 0.500000 0.500000 0.707107
vn 0.000000 0.000000 0.000000
vn -1.#QNAN0 -1.#QNAN0 -1.#QNAN0
vn 0.000000 0.000000 0.000000
vn 0.000000 0.000000 0.000000
f 248//248 241//241 242//242 244//244 246//246
f 248//248 247//247 245//245 243//243 241//241
f 241//241 243//243 242//242
f 242//242 243//243 245//245 244//244
f 244//244 245//245 247//247 246//246
f 248//248 246//246 247//247
g Node_02_05
v 20.000000 1.500000 8.000000
v 21.060660 0.000000 9.060660
v 19.292893 0.000000 8.707107
v 20.353553 0.000000 8.353553
v 19.646447 0.000000 8.353553
v 20.353553 -1.500000 8.353553
v 19.646447 -1.500000 8.353553
v 20.000000 -1.500000 8.000000
vn 0.707107 -0.000000 -0.707107
vn 0.000000 -1.000000 0.000000
vn -0.707107 -0.000000 -0.707107
vn 0.000000 0.000000 1.000000
vn 0.000000 0.000000 0.000000
vn -1.#QNAN0 -1.#QNAN0 -1.#QNAN0
vn 0.000000 0.000000 0.000000
vn 0.000000 0.000000 0.000000
f 256//256 249//249 250//250 252//252 254//254
f 256//256 255//255 253//253 251//251 249//249
f 249//249 251//251 250//250
f 250//250 251//251 253//253 252//252
f 252//252 253//253 255//255 254//254
f 256//256 254//254 255//255
g Node_02_06
v 22.500000 0.000000 8.000000
v 24.000000 1.060660 6.939340
v 24.000000 0.707107 8.707107
v 24.000000 0.353553 7.646447
v 24.000000 0.353553 8.353553
v 25.500000 0.353553 7.646447
v 25.500000 0.353553 8.353553
v 25.500000 -0.000000 8.000000
vn 0.000000 -0.707107 -0.707107
vn 1.000000 -0.000000 0.000000
vn -0.000000 -0.707107 0.707107
vn 0.000000 1.000000 0.000000
vn 0.000000 0.000000 0.000000
vn -1.#QNAN0 -1.#QNAN0 -1.#QNAN0
vn 0.000000 0.000000 0.000000
vn 0.000000 0.000000 0.000000
f 264//264 257//257 258//258 260//260 262//262
f 264//264 263//263 261//261 259//259 257//257
f 257//257 259//259 258//258
f 258//258 259//259 261//261 260//260
f 260//260 261//261 263//263 262//262
f 264//264 262//262 263//263
g Node_02_07
v 26.939340 -1.060660 8.000000
v 28.000000 0.000000 6.500000
v 27.292893 0.707107 8.000000
v 28.000000 0.000000 7.500000
v 27.646447 0.353553 8.000000
v 29.060660 1.060660 7.500000
v 28.707107 1.414214 8.000000
v 29.060660 1.060660 8.000000
vn 0.707107 -0.707107 0.000000
vn 0.707107 0.707107 0.000000
vn -0.000000 -0.000000 1.000000
vn -0.500000 0.500000 -0.707107
vn 0.000000 0.000000 0.000000
vn -1.#QNAN0 -1.#QNAN0 -1.#QNAN0
vn 0.000000 0.000000 0.000000
vn 0.000000 0.000000 0.000000
f 272//272 265//265 266//266 268//268 270//270
f 272//272 271//271 269//269 267//267 265//265
f 265//265 267//267 266//266
f 266//266 267//267 269//269 268//268
f 268//268 269//269 271//271 270//270
f 272//272 270//270 271//271
g Node_02_08
v 32.000000 1.060660 6.939340
v 32.000000 1.060660 9.060660
v 31.000000 0.000000 8.000000
v 32.000000 0.353553 8.353553
v 31.500000 0.000000 8.000000
v 32.000000 -0.707107 9.414214
v 31.500000 -1.060660 9.060660
v 32.000000 -1.060660 9.060660
vn 1.000000 -0.000000 -0.000000
vn 0.000000 -0.707107 0.707107
vn -0.000000 -0.707107 -0.707107
vn -0.707107 0.500000 0.500000
vn 0.000000 0.000000 0.000000
vn -1.#QNAN0 -1.#QNAN0 -1.#QNAN0
vn 0.000000 0.000000 0.000000
vn 0.000000 0.000000 0.000000
f 280//280 273//273 274//274 276//276 278//278
f 280//280 279//279 277//277 275//275 273//273
f 273//273 275//275 274//274
f 274//274 275//275 277//277 276//276
f 276//276 277//277 279//279 278//278
f 280//280 278//278 279//279
g Node_02_09
v 36.000000 -1.060660 6.939340
v 36.000000 1.060660 6.939340
v 35.000000 0.000000 8.000000
v 36.000000 0.353553 7.646447
v 35.500000 0.000000 8.000000
v 36.000000 1.414214 8.707107
v 35.500000 1.060660 9.060660
v 36.000000 1.060660 9.060660
vn 1.000000 -0.000000 0.000000
vn 0.000000 0.707107 0.707107
vn -0.000000 -0.707107 0.707107
vn -0.707107 0.500000 -0.500000
vn 0.000000 0.000000 0.000000
vn -1.#QNAN0 -1.#QNAN0 -1.#QNAN0
vn 0.000000 0.000000 0.000000
vn 0.000000 0.000000 0.000000
f 288//288 281//281 282//282 284//284 286//286
f 288//288 287//287 285//285 283//283 281//281
f 281//281 283//283 282//282
f 282//282 283//283 285//285 284//284
f 284//284 285//285 287//287 286//286
f 288//288 286//286 287//287
g Node_02_10
v 40.000000 -0.750000 6.700962
v 40.000000 1.299038 7.250000
v 39.000000 0.000000 8.000000
v 40.000000 0.433013 7.750000
v 39.500000 0.000000 8.000000
v 40.000000 1.183013 9.049038
v 39.500000 0.750000 9.299038
v 40.000000 0.750000 9.299038
vn 1.000000 -0.000000 -0.000000
vn 0.000000 0.500000 0.866025
vn -0.000000 -0.866025 0.500000
vn -0.707107 0.612372 -0.353553
vn 0.000000 0.000000 0.000000
vn -1.#QNAN0 -1.#QNAN0 -1.#QNAN0
vn 0.000000 0.000000 0.000000
vn 0.000000 0.000000 0.000000
f 296//296 289//289 290//290 292//292 294//294
f 296//296 295//295 293//293 291//291 289//289
f 289//289 291//291 290//290
f 290//290 291//291 293//293 292//292
f 292//292 293//293 295//295 294//294
f 296//296 294//294 295//295
g Node_02_11
v 44.000000 1.500000 8.000000
v 44.000000 0.000000 9.500000
v 43.000000 0.000000 8.000000
v 44.000000 0.000000 8.500000
v 43.500000 0.000000 8.000000
v 44.000000 -1.500000 8.500000
v 43.500000 -1.500000 8.000000
v 44.000000 -1.500000 8.000000
vn 1.000000 -0.000000 -0.000000
vn -0.000000 -1.000000 0.000000
vn -0.000000 -0.000000 -1.000000
vn -0.707107 0.000000 0.707107
vn 0.000000 0.000000 0.000000
vn -1.#QNAN0 -1.#QNAN0 -1.#QNAN0
vn 0.000000 0.000000 0.000000
vn 0.000000 0.000000 0.000000
f 304//304 297//297 298//298 300//300 302//302
f 304//304 303//303 301//301 299//299 297//297
f 297//297 299//299 298//298
f 298//298 299//299 301//301 300//300
f 300//300 301//301 303//303 302//302
f 304//304 302//302 303//303
g Node_02_12
v 48.000000 0.000000 6.500000
v 48.000000 1.500000 8.000000
v 47.000000 0.000000 8.000000
v 48.000000 0.500000 8.000000
v 47.500000 0.000000 8.000000
v 48.000000 0.500000 9.500000
v 47.500000 0.000000 9.500000
v 48.000000 0.000000 9.500000
vn 1.000000 -0.000000 -0.000000
vn 0.000000 -0.000000 1.000000
vn -0.000000 -1.000000 0.000000
vn -0.707107 0.707107 0.000000
vn 0.000000 0.000000 0.000000
vn -1.#QNAN0 -1.#QNAN0 -1.#QNAN0
vn 0.000000 0.000000 0.000000
vn 0.000000 0.000000 0.000000
f 312//312 305//305 306//306 308//308 310//310
f 312//312 311//311 309//309 307//307 305//305
f 305//305 307//307 306//306
f 306//306 307//307 309//309 308//308
f 308//308 309//309 311//311 310//310
f 312//312 310//310 311//311
g Node_03_00
v 0.000000 0.000000 10.500000
v 1.500000 0.000000 12.000000
v 0.000000 1.000000 12.000000
v 0.500000 0.000000 12.000000
v 0.000000 0.500000 12.000000
v 0.500000 0.000000 13.500000
v 0.000000 0.500000 13.500000
v 0.000000 0.000000 13.500000
vn 0.000000 -1.000000 0.000000
vn 0.000000 0.000000 1.000000
vn -1.000000 0.000000 0.000000
vn 0.707107 0.707107 0.000000
vn 0.000000 0.000000 0.000000
vn -1.#QNAN0 -1.#QNAN0 -1.#QNAN0
vn 0.000000 0.000000 0.000000
vn 0.000000 0.000000 0.000000
f 320//320 313//313 314//314 316//316 318//318
f 320//320 319//319 317//317 315//315 313//313
f 313//313 315//315 314//314
f 314//314 315//315 317//317 316//316
f 316//316 317//317 319//319 318//318
f 320//320 318//318 319//319
g Node_03_01
v 4.000000 1.060660 10.939340
v 5.500000 0.000000 12.000000
v 4.000000 0.707107 12.707107
v 4.500000 0.000000 12.000000
v 4.000000 0.353553 12.353553
v 4.500000 -1.060660 13.060660
v 4.000000 -0.707107 13.414214
v 4.000000 -1.060660 13.060660
vn 0.000000 -0.707107 -0.707107
vn 0.000000 -0.707107 0.707107
vn -1.000000 0.000000 0.000000
vn 0.707107 0.500000 0.500000
vn 0.000000 0.000000 0.000000
vn -1.#QNAN0 -1.#QNAN0 -1.#QNAN0
vn 0.000000 0.000000 0.000000
vn 0.000000 0.000000 0.000000
f 328//328 321//321 322//322 324//324 326//326
f 328//328 327//327 325//325 323//323 321//321
f 321//321 323//323 322//322
f 322//322 323//323 325//325 324//324
f 324//324 325//325 327//327 326//326
f 328//328 326//326 327//327
g Node_03_02
v 6.939340 0.000000 10.939340
v 9.060660 0.000000 10.939340
v 8.000000 1.000000 12.000000
v 8.353553 0.000000 11.646447
v 8.000000 0.500000 12.000000
v 9.414214 0.000000 12.707107
v 9.060660 0.500000 13.060660
v 9.060660 0.000000 13.060660
vn 0.000000 -1.000000 0.000000
vn 0.707107 0.000000 0.707107
vn -0.707107 0.000000 0.707107
vn 0.500000 0.707107 -0.500000
vn 0.000000 0.000000 0.000000
vn -1.#QNAN0 -1.#QNAN0 -1.#QNAN0
vn 0.000000 0.000000 0.000000
vn 0.000000 0.000000 0.000000
f 336//336 329//329 330//330 332//332 334//334
f 336//336 335//335 333//333 331//331 329//329
f 329//329 331//331 330//330
f 330//330 331//331 333//333 332//332
f 332//332 333//333 335//335 334//334
f 336//336 334//334 335//335
g Node_03_03
v 12.000000 0.000000 10.500000
v 13.060660 1.060660 12.000000
v 11.292893 0.707107 12.000000
v 12.353553 0.353553 12.000000
v 11.646447 0.353553 12.000000
v 12.353553 0.353553 13.500000
v 11.646447 0.353553 13.500000
v 12.000000 0.000000 13.500000
vn 0.707107 -0.707107 0.000000
vn 0.000000 0.000000 1.000000
vn -0.707107 -0.707107 0.000000
vn 0.000000 1.000000 0.000000
vn 0.000000 0.000000 0.000000
vn -1.#QNAN0 -1.#QNAN0 -1.#QNAN0
vn 0.000000 0.000000 0.000000
vn 0.000000 0.000000 0.000000
f 344//344 337//337 338//338 340//340 342//342
f 344//344 343//343 341//341 339//339 337//337
f 337//337 339//339 338//338
f 338//338 339//339 341//341 340//340
f 340//340 341//341 343//343 342//342
f 344//344 342//342 343//343
g Node_03_04
v 14.939340 1.060660 12.000000
v 17.060660 1.060660 12.000000
v 16.000000 0.000000 13.000000
v 16.353553 0.353553 12.000000
v 16.000000 0.000000 12.500000
v 17.414214 -0.707107 12.000000
v 17.060660 -1.060660 12.500000
v 17.060660 -1.060660 12.000000
vn 0.000000 -0.000000 -1.000000
vn 0.707107 -0.707107 0.000000
vn -0.707107 -0.707107 0.000000
vn 0.500000 0.500000 0.707107
vn 0.000000 0.000000 0.000000
vn -1.#QNAN0 -1.#QNAN0 -1.#QNAN0
vn 0.000000 0.000000 0.000000
vn 0.000000 0.000000 0.000000
f 352//352 345//345 346//346 348//348 350//350
f 352//352 351//351 349//349 347//347 345//345
f 345//345 347//347 346//346
f 346//346 347//347 349//349 348//348
f 348//348 349//349 351//351 350//350
f 352//352 350//350 351//351
g Node_03_05
v 18.939340 1.060660 12.000000
v 21.060660 1.060660 12.000000
v 20.000000 0.000000 13.000000
v 20.353553 0.353553 12.000000
v 20.000000 0.000000 12.500000
v 21.414214 -0.707107 12.000000
v 21.060660 -1.060660 12.500000
v 21.060660 -1.060660 12.000000
vn 0.000000 -0.000000 -1.000000
vn 0.707107 -0.707107 0.000000
vn -0.707107 -0.707107 0.000000
vn 0.500000 0.500000 0.707107
vn 0.000000 0.000000 0.000000
vn -1.#QNAN0 -1.#QNAN0 -1.#QNAN0
vn 0.000000 0.000000 0.000000
vn 0.000000 0.000000 0.000000
f 360//360 353//353 354//354 356//356 358//358
f 360//360 359//359 357//357 355//355 353//353
f 353//353 355//355 354//354
f 354//354 355//355 357//357 356//356
f 356//356 357//357 359//359 358//358
f 360//360 358//358 359//359
g Node_03_06
v 22.500000 0.000000 12.000000
v 24.000000 1.060660 10.939340
v 24.000000 0.707107 12.707107
v 24.000000 0.353553 11.646447
v 24.000000 0.353553 12.353553
v 25.500000 0.353553 11.646447
v 25.500000 0.353553 12.353553
v 25.500000 -0.000000 12.000000
vn 0.000000 -0.707107 -0.707107
vn 1.000000 -0.000000 0.000000
vn -0.000000 -0.707107 0.707107
vn 0.000000 1.000000 0.000000
vn 0.000000 0.000000 0.000000
vn -1.#QNAN0 -1.#QNAN0 -1.#QNAN0
vn 0.000000 0.000000 0.000000
vn 0.000000 0.000000 0.000000
f 368//368 361//361 362//362 364//364 366//366
f 368//368 367//367 365//365 363//363 361//361
f 361//361 363//363 362//362
f 362//362 363//363 365//365 364//364
f 364//364 365//365 367//367 366//366
f 368//368 366//366 367//367
g Node_03_07
v 26.939340 -1.060660 12.000000
v 28.000000 0.000000 10.500000
v 27.292893 0.707107 12.000000
v 28.000000 0.000000 11.500000
v 27.646447 0.353553 12.000000
v 29.060660 1.060660 11.500000
v 28.707107 1.414214 12.000000
v 29.060660 1.060660 12.000000
vn 0.707107 -0.707107 0.000000
vn 0.707107 0.707107 0.000000
vn -0.000000 -0.000000 1.000000
vn -0.500000 0.500000 -0.707107
vn -0.000000 -0.000000 -0.000000
vn -1.#QNAN0 -1.#QNAN0 -1.#QNAN0
vn 0.000000 0.000000 0.000000
vn 0.000000 0.000000 0.000000
f 376//376 369//369 370//370 372//372 374//374
f 376//376 375//375 373//373 371//371 369//369
f 369//369 371//371 370//370
f 370//370 371//371 373//373 372//372
f 372//372 373//373 375//375 374//374
f 376//376 374//374 375//375
g Node_03_08
v 30.939340 0.000000 10.939340
v 32.000000 1.500000 12.000000
v 31.292893 0.000000 12.707107
v 32.000000 0.500000 12.000000
v 31.646447 0.000000 12.353553
v 33.060660 0.500000 13.060660
v 32.707107 -0.000000 13.414214
v 33.060660 -0.000000 13.060660
vn 0.707107 -0.000000 -0.707107
vn 0.707107 -0.000000 0.707107
vn -0.000000 -1.000000 0.000000
vn -0.500000 0.707107 0.500000
vn -0.000000 0.000000 -0.000000
vn -1.#QNAN0 -1.#QNAN0 -1.#QNAN0
vn 0.000000 0.000000 0.000000
vn 0.000000 0.000000 0.000000
f 384//384 377//377 378//378 380//380 382//382
f 384//384 383//383 381//381 379//379 377//377
f 377//377 379//379 378//378
f 378//378 379//379 381//381 380//380
f 380//380 381//381 383//383 382//382
f 384//384 382//382 383//383
g Node_03_09
v 36.000000 -1.060660 10.939340
v 36.000000 1.060660 10.939340
v 35.000000 0.000000 12.000000
v 36.000000 0.353553 11.646447
v 35.500000 0.000000 12.000000
v 36.000000 1.414214 12.707107
v 35.500000 1.060660 13.060660
v 36.000000 1.060660 13.060660
vn 1.000000 -0.000000 0.000000
vn 0.000000 0.707107 0.707107
vn -0.000000 -0.707107 0.707107
vn -0.707107 0.500000 -0.500000
vn -0.000000 -0.000000 -0.000000
vn -1.#QNAN0 -1.#QNAN0 -1.#QNAN0
vn 0.000000 0.000000 0.000000
vn 0.000000 0.000000 0.000000
f 392//392 385//385 386//386 388//388 390//390
f 392//392 391//391 389//389 387//387 385//385
f 385//385 387//387 386//386
f 386//386 387//387 389//389 388//388
f 388//388 389//389 391//391 390//390
f 392//392 390//390 391//391
g Node_03_10
v 39.625000 -1.299038 11.350481
v 39.350481 0.750000 10.875000
v 39.133975 0.000000 12.500000
v 39.783494 0.250000 11.625000
v 39.566987 0.000000 12.250000
v 40.158494 1.549038 12.274519
v 39.941987 1.299038 12.899519
v 40.375000 1.299038 12.649519
vn 0.866025 0.000000 -0.500000
vn 0.250000 0.866025 0.433013
vn 0.433013 -0.500000 0.750000
vn -0.918559 0.353553 -0.176777
vn -0.000000 -0.000000 -0.000000
vn -1.#QNAN0 -1.#QNAN0 -1.#QNAN0
vn 0.000000 0.000000 0.000000
vn 0.000000 0.000000 0.000000
f 400//400 393//393 394//394 396//396 398//398
f 400//400 399//399 397//397 395//395 393//393
f 393//393 395//395 394//394
f 394//394 395//395 397//397 396//396
f 396//396 397//397 399//399 398//398
f 400//400 398//398 399//399
g Node_03_11
v 43.250000 1.060660 11.250000
v 44.750000 1.060660 12.750000
v 43.292893 0.000000 12.707107
v 44.250000 0.353553 12.250000
v 43.646447 0.000000 12.353553
v 45.000000 -0.707107 13.000000
v 44.396447 -1.060660 13.103553
v 44.750000 -1.060660 12.750000
vn 0.707107 -0.000000 -0.707107
vn 0.500000 -0.707107 0.500000
vn -0.500000 -0.707107 -0.500000
vn -0.146447 0.500000 0.853553
vn -0.000000 0.000000 -0.000000
vn -1.#QNAN0 -1.#QNAN0 -1.#QNAN0
vn 0.596628 -0.500921 0.626987
vn 0.497637 0.699164 0.513349
f 408//408 401//401 402//402 404//404 406//406
f 408//408 407//407 405//405 403//403 401//401
f 401//401 403//403 402//402
f 402//402 403//403 405//405 404//404
f 404//404 405//405 407//407 406//406
f 408//408 406//406 407//407
g Node_03_12
v 48.000000 -1.500000 12.000000
v 46.500000 0.000000 12.000000
v 48.000000 0.000000 13.000000
v 47.500000 0.000000 12.000000
v 48.000000 0.000000 12.500000
v 47.500000 1.500000 12.000000
v 48.000000 1.500000 12.500000
v 48.000000 1.500000 12.000000
vn 0.000000 -0.000000 -1.000000
vn 0.000000 1.000000 0.000000
vn 1.000000 -0.000000 0.000000
vn -0.707107 0.000000 0.707107
vn -0.000000 -0.000000 -0.000000
vn -1.#QNAN0 -1.#QNAN0 -1.#QNAN0
vn -0.257603 0.966012 0.021467
vn -0.999877 0.011110 0.011110
f 416//416 409//409 410//410 412//412 414//414
f 416//416 415//415 413//413 411//411 409//409
f 409//409 411//411 410//410
f 410//410 411//411 413//413 412//412
f 412//412 413//413 415//415 414//414
f 416//416 414//414 415//415
g Node_04_00
v 0.000000 0.000000 14.500000
v 1.500000 0.000000 16.000000
v 0.000000 1.000000 16.000000
v 0.500000 0.000000 16.000000
v 0.000000 0.500000 16.000000
v 0.500000 0.000000 17.500000
v 0.000000 0.500000 17.500000
v 0.000000 0.000000 17.500000
vn 0.000000 -1.000000 0.000000
vn 0.000000 0.000000 1.000000
vn -1.000000 0.000000 0.000000
vn 0.707107 0.707107 0.000000
vn 0.000000 0.000000 -0.000000
vn -1.#QNAN0 -1.#QNAN0 -1.#QNAN0
vn 0.257603 0.021467 0.966012
vn 0.999877 0.011110 0.011110
f 424//424 417//417 418//418 420//420 422//422
f 424//424 423//423 421//421 419//419 417//417
f 417//417 419//419 418//418
f 418//418 419//419 421//421 420//420
f 420//420 421//421 423//423 422//422
f 424//424 422//422 423//423
g Node_04_01
v 4.000000 1.060660 14.939340
v 5.500000 0.000000 16.000000
v 4.000000 0.707107 16.707107
v 4.500000 0.000000 16.000000
v 4.000000 0.353553 16.353553
v 4.500000 -1.060660 17.060660
v 4.000000 -0.707107 17.414214
v 4.000000 -1.060660 17.060660
vn 0.000000 -0.707107 -0.707107
vn 0.000000 -0.707107 0.707107
vn -1.000000 0.000000 0.000000
vn 0.707107 0.500000 0.500000
vn 0.000000 0.000000 -0.000000
vn -1.#QNAN0 -1.#QNAN0 -1.#QNAN0
vn 0.257603 -0.667894 0.698253
vn 0.999877 0.000000 0.015712
f 432//432 425//425 426//426 428//428 430//430
